9387
448
5661
8173
3046
9163
2069
2553
7125
8850
3393
9885
691
6522
5862
2049
9090
9559
5034
2756
8115
5300
9358
9000
2915
6589
2986
7282
6183
4970
6323
7415
7430
290
514
777
2037
8729
6027
2747
720
6901
1111
922
8927
4531
2105
643
6164
9083
4194
5479
1016
8703
1591
7461
6391
8676
5425
7654
4331
2871
1161
319
6175
1605
2931
615
9493
6330
5908
2853
3583
4550
2380
8434
732
2191
6053
9188
8899
686
1496
2220
5223
9355
3724
4668
8065
3855
9763
527
8286
3159
4413
1015
2208
2697
6118
5330
2878
2043
2631
8827
6337
2548
646
6830
2151
3351
5371
3914
8677
2386
1947
3083
4322
6064
334
957
5226
8865
1397
6540
1011
4825
4318
9508
1329
5284
873
9333
9660
5241
4839
199
3075
7945
4304
7770
4572
5149
7372
6638
6335
3375
5784
3704
1454
44
5367
5245
1468
9861
8732
4406
3136
9698
3058
3484
8279
6490
5349
128
3206
7149
3743
4398
8113
6984
840
998
392
1852
8716
5718
8143
967
4549
9324
5080
1938
3038
9902
2759
2773
5426
111
8131
6692
6500
2024
2848
1809
5057
8995
9958
368
3438
7789
3092
6187
7380
5165
1626
4847
1798
2427
2019
2203
9082
7043
4743
7980
7103
3737
1890
1312
7812
4121
2404
2581
3975
4185
2428
8695
1734
3391
1294
6753
7239
9771
811
7519
7414
6068
5036
18
3239
6609
6349
7528
9548
6777
988
9948
6016
1646
8278
6289
4099
8050
4264
7615
3646
2238
2246
3491
4823
3719
4868
4864
382
9918
870
3390
5261
9343
9471
792
9945
4674
7815
5715
5952
8145
1348
8652
7587
1925
8821
4863
2681
5979
992
4911
4297
1326
8465
2879
7622
6230
1880
6005
609
92
843
6734
7728
7542
5666
3999
3554
6201
921
3004
7850
2207
7245
9213
9450
3883
4233
4149
4217
1794
7656
357
9009
14
27
4209
3760
7390
8656
9930
313
5984
8461
9888
2468
5253
1218
3892
5921
3309
6799
1283
3427
3586
4541
6443
96
7471
3931
6604
4360
9482
353
551
6971
1230
2205
3572
8526
3214
9937
1367
89
7825
8114
6219
9428
4201
3067
2094
736
5487
4112
1005
5509
9644
9582
8782
2061
7913
5649
3852
662
8957
3610
9835
738
4355
4356
6913
1889
2073
5701
1883
4481
3865
9931
4945
4724
1293
2812
5214
7530
3437
411
2176
4053
2667
81
6808
7553
1872
3359
4261
8932
6797
2395
1607
5693
6255
4150
7099
8894
1598
5054
1206
8322
3870
7222
3631
7635
2413
4342
7529
4559
3080
1806
1867
143
8045
4800
6747
2408
208
6473
7212
2779
3919
4248
8473
6150
4935
5488
7462
6272
4021
3403
5831
4491
4370
510
2376
9400
6882
8023
1112
424
3754
247
5881
5463
2872
3711
7407
3678
9509
9402
8596
6493
4205
9725
4073
5393
4081
5297
3973
6879
2894
7694
3084
6778
726
1493
7183
9802
4536
6248
8845
8136
3472
8439
3138
7534
838
